   6.8087600e-01   9.1593600e-01   1.0000000e+00
   7.4078300e-01   9.1593600e-01   1.0000000e+00
   7.5691200e-01   9.3786500e-01   1.0000000e+00
   7.7765000e-01   9.5102300e-01   1.0000000e+00
   8.3294900e-01   9.1886000e-01   1.0000000e+00
   7.7995400e-01   8.7207600e-01   1.0000000e+00
   7.7765000e-01   8.5307000e-01   1.0000000e+00
   7.7073700e-01   9.2617000e-01   1.0000000e+00
   6.7165900e-01   9.5540900e-01   1.0000000e+00
   5.7488500e-01   9.4663700e-01   1.0000000e+00
   5.4493100e-01   9.2909400e-01   1.0000000e+00
   5.0345600e-01   9.1447400e-01   1.0000000e+00
   4.4354800e-01   9.2324600e-01   1.0000000e+00
   3.9055300e-01   9.3055600e-01   1.0000000e+00
   3.3755800e-01   9.2617000e-01   1.0000000e+00
   3.6981600e-01   9.2324600e-01   1.0000000e+00
   4.3663600e-01   9.1008800e-01   1.0000000e+00
   5.3571400e-01   9.5979500e-01   1.0000000e+00
   4.5737300e-01   9.5979500e-01   1.0000000e+00
   4.2281100e-01   9.3932700e-01   1.0000000e+00
   4.0898600e-01   9.0570200e-01   1.0000000e+00
   3.6751200e-01   9.0862600e-01   1.0000000e+00
   3.1451600e-01   9.2032200e-01   1.0000000e+00
   3.3294900e-01   9.2470800e-01   1.0000000e+00
   4.5737300e-01   9.2324600e-01   1.0000000e+00
   5.0806500e-01   9.1447400e-01   1.0000000e+00
   4.7350200e-01   9.4956100e-01   1.0000000e+00
   5.3801800e-01   9.6271900e-01   1.0000000e+00
   6.9700500e-01   9.5540900e-01   1.0000000e+00
   7.5000000e-01   9.5102300e-01   1.0000000e+00
   8.0069100e-01   9.1301200e-01   1.0000000e+00
   8.2373300e-01   8.6476600e-01   1.0000000e+00
   7.1082900e-01   8.6184200e-01   1.0000000e+00
   7.0161300e-01   8.8669600e-01   1.0000000e+00
   6.3709700e-01   9.1008800e-01   1.0000000e+00
   5.9331800e-01   9.1739800e-01   1.0000000e+00
   5.6336400e-01   9.1739800e-01   1.0000000e+00
   5.4032300e-01   9.1008800e-01   1.0000000e+00
   5.1036900e-01   8.8377200e-01   1.0000000e+00
   5.0115200e-01   8.6330400e-01   1.0000000e+00
   4.8041500e-01   8.4137400e-01   1.0000000e+00
   4.3202800e-01   8.5599400e-01   1.0000000e+00
   4.0437800e-01   8.7646200e-01   1.0000000e+00
   3.6520700e-01   8.9839200e-01   1.0000000e+00
   3.1451600e-01   8.9839200e-01   1.0000000e+00
   2.7765000e-01   8.9546800e-01   1.0000000e+00
   2.6382500e-01   8.9108200e-01   1.0000000e+00
   2.3617500e-01   8.7500000e-01   1.0000000e+00
   2.2235000e-01   8.6038000e-01   1.0000000e+00
   1.9470000e-01   8.5014600e-01   1.0000000e+00
   1.7165900e-01   8.3406400e-01   1.0000000e+00
   1.7626700e-01   8.1944400e-01   1.0000000e+00
   1.8318000e-01   7.8728100e-01   1.0000000e+00
   1.6013800e-01   7.5365500e-01   1.0000000e+00
   1.1175100e-01   7.4780700e-01   1.0000000e+00
   8.8709700e-02   7.3903500e-01   1.0000000e+00
   9.3318000e-02   7.0102300e-01   1.0000000e+00
   1.2557600e-01   6.8348000e-01   1.0000000e+00
   1.6244200e-01   6.5424000e-01   1.0000000e+00
   1.2788000e-01   6.3084800e-01   1.0000000e+00
   1.3479300e-01   5.8845000e-01   1.0000000e+00
   1.8548400e-01   5.8845000e-01   1.0000000e+00
   1.9239600e-01   6.2500000e-01   1.0000000e+00
   1.3248800e-01   6.6447400e-01   1.0000000e+00
   1.0023000e-01   6.7032200e-01   1.0000000e+00
   7.4884800e-02   6.7178400e-01   1.0000000e+00
   7.0276500e-02   7.0540900e-01   1.0000000e+00
   9.3318000e-02   7.2149100e-01   1.0000000e+00
   1.0023000e-01   7.5219300e-01   1.0000000e+00
   6.5668200e-02   7.5950300e-01   1.0000000e+00
   8.1797200e-02   7.7412300e-01   1.0000000e+00
   9.7926300e-02   7.7412300e-01   1.0000000e+00
   8.2142900e-01   8.9693000e-01   1.0000000e+00
   8.5829500e-01   8.4576000e-01   1.0000000e+00
   8.1451600e-01   8.2090600e-01   1.0000000e+00
   7.8917100e-01   7.9897700e-01   1.0000000e+00
   7.9147500e-01   7.4926900e-01   1.0000000e+00
   5.4032300e-01   8.9985400e-01   1.0000000e+00
   6.2327200e-01   8.9546800e-01   1.0000000e+00
   6.5092200e-01   8.9108200e-01   1.0000000e+00
   6.9239600e-01   8.8231000e-01   1.0000000e+00
   6.3940100e-01   8.7792400e-01   1.0000000e+00
   5.4953900e-01   8.8669600e-01   1.0000000e+00
   5.4032300e-01   8.9254400e-01   1.0000000e+00
   5.6566800e-01   9.0862600e-01   1.0000000e+00
   6.3248800e-01   9.1593600e-01   1.0000000e+00
   7.0391700e-01   9.0716400e-01   1.0000000e+00
   7.5000000e-01   8.7500000e-01   1.0000000e+00
   8.0530000e-01   7.9312900e-01   1.0000000e+00
   8.3755800e-01   7.7997100e-01   1.0000000e+00
   8.6751200e-01   7.7558500e-01   1.0000000e+00
   9.0437800e-01   7.7266100e-01   1.0000000e+00
   9.5276500e-01   7.7412300e-01   1.0000000e+00
   9.7580600e-01   7.7704700e-01   1.0000000e+00
   9.6889400e-01   8.0190100e-01   1.0000000e+00
   9.2741900e-01   8.0336300e-01   1.0000000e+00
   8.8133600e-01   8.0043900e-01   1.0000000e+00
   8.5138200e-01   8.0628700e-01   1.0000000e+00
   8.0760400e-01   8.4576000e-01   1.0000000e+00
   8.0069100e-01   8.6622800e-01   1.0000000e+00
   8.6059900e-01   8.5014600e-01   1.0000000e+00
   9.0898600e-01   8.3698800e-01   1.0000000e+00
   9.2050700e-01   8.2675400e-01   1.0000000e+00
   9.5506900e-01   8.2236800e-01   1.0000000e+00
   9.6659000e-01   8.2236800e-01   1.0000000e+00
   9.6889400e-01   8.2090600e-01   1.0000000e+00
   8.9746500e-01   8.1944400e-01   1.0000000e+00
   8.5138200e-01   7.8874300e-01   1.0000000e+00
   8.5138200e-01   7.8581900e-01   1.0000000e+00
   8.5599100e-01   8.3991200e-01   1.0000000e+00
   8.2834100e-01   8.5014600e-01   1.0000000e+00
   6.0023000e-01   9.4078900e-01   1.0000000e+00
   6.0023000e-01   9.4078900e-01   1.0000000e+00
   4.8271900e-01   9.3055600e-01   1.0000000e+00
   2.5460800e-01   9.5102300e-01   1.0000000e+00
   2.2695900e-01   8.9985400e-01   1.0000000e+00
   1.6013800e-01   8.9108200e-01   1.0000000e+00
   1.7626700e-01   8.6038000e-01   1.0000000e+00
   1.1175100e-01   8.6622800e-01   1.0000000e+00
   7.4884800e-02   8.8523400e-01   1.0000000e+00
   5.4147500e-02   8.8377200e-01   1.0000000e+00
   4.4930900e-02   9.1447400e-01   1.0000000e+00
   1.1175100e-01   9.1301200e-01   1.0000000e+00
   1.0483900e-01   8.9693000e-01   1.0000000e+00
   1.5322600e-01   8.8523400e-01   1.0000000e+00
   1.9930900e-01   8.8377200e-01   1.0000000e+00
   6.1059900e-02   9.1155000e-01   1.0000000e+00
   5.6451600e-02   8.9693000e-01   1.0000000e+00
   7.4884800e-02   8.7938600e-01   1.0000000e+00
   9.3318000e-02   8.5891800e-01   1.0000000e+00
   6.2788000e-01   5.9137400e-01   1.0000000e+00
   5.6336400e-01   5.9576000e-01   1.0000000e+00
   6.1866400e-01   6.0014600e-01   1.0000000e+00
   6.0714300e-01   6.2207600e-01   1.0000000e+00
   5.8871000e-01   6.2061400e-01   1.0000000e+00
   5.7718900e-01   5.9429800e-01   1.0000000e+00
   5.8410100e-01   5.7675400e-01   1.0000000e+00
   6.1175100e-01   5.6652000e-01   1.0000000e+00
   6.2327200e-01   5.6213500e-01   1.0000000e+00
   6.2327200e-01   5.5774900e-01   1.0000000e+00
   5.9792600e-01   5.5482500e-01   1.0000000e+00
   5.5414700e-01   5.4751500e-01   1.0000000e+00
   5.4493100e-01   5.3581900e-01   1.0000000e+00
   5.4493100e-01   5.3289500e-01   1.0000000e+00
   5.7027600e-01   5.2850900e-01   1.0000000e+00
   5.9562200e-01   5.2704700e-01   1.0000000e+00
   5.9792600e-01   5.2704700e-01   1.0000000e+00
   6.3018400e-01   5.2997100e-01   1.0000000e+00
   6.5783400e-01   5.2997100e-01   1.0000000e+00
   7.0391700e-01   5.2704700e-01   1.0000000e+00
   7.0622100e-01   5.1681300e-01   1.0000000e+00
   7.0161300e-01   5.1096500e-01   1.0000000e+00
   6.6474700e-01   5.3581900e-01   1.0000000e+00
   6.4400900e-01   5.6359600e-01   1.0000000e+00
   6.4400900e-01   5.7529200e-01   1.0000000e+00
   6.4400900e-01   5.8845000e-01   1.0000000e+00
   6.3709700e-01   6.0745600e-01   1.0000000e+00
   6.3479300e-01   6.1622800e-01   1.0000000e+00
   5.8871000e-01   6.1915200e-01   1.0000000e+00
   5.5184300e-01   6.0745600e-01   1.0000000e+00
   5.6106000e-01   5.9429800e-01   1.0000000e+00
   5.7718900e-01   5.4166700e-01   1.0000000e+00
   5.5184300e-01   5.2266100e-01   1.0000000e+00
   5.4723500e-01   5.1096500e-01   1.0000000e+00
   5.4723500e-01   5.0804100e-01   1.0000000e+00
   5.9331800e-01   5.1681300e-01   1.0000000e+00
   6.6935500e-01   5.2266100e-01   1.0000000e+00
   6.7396300e-01   5.2412300e-01   1.0000000e+00
   6.6244200e-01   5.6652000e-01   1.0000000e+00
   6.6244200e-01   5.6652000e-01   1.0000000e+00
   6.4170500e-01   5.3581900e-01   1.0000000e+00
   6.6474700e-01   5.1681300e-01   1.0000000e+00
   5.7949300e-01   5.6213500e-01   1.0000000e+00
   5.4493100e-01   5.7090600e-01   1.0000000e+00
   5.4723500e-01   5.7821600e-01   1.0000000e+00
   6.0483900e-01   5.9576000e-01   1.0000000e+00
   6.5092200e-01   5.9576000e-01   1.0000000e+00
   1.6474700e-01   8.1213500e-01   1.0000000e+00
   1.5092200e-01   8.4722200e-01   1.0000000e+00
   1.4170500e-01   8.1652000e-01   1.0000000e+00
   1.3479300e-01   8.4576000e-01   1.0000000e+00
   1.2788000e-01   8.7792400e-01   1.0000000e+00
   8.4101400e-02   8.6038000e-01   1.0000000e+00
   6.7972400e-02   8.2675400e-01   1.0000000e+00
   1.2327200e-01   7.9020500e-01   1.0000000e+00
   8.1797200e-02   8.0190100e-01   1.0000000e+00
   1.3709700e-01   7.6096500e-01   1.0000000e+00
   1.3709700e-01   7.1271900e-01   1.0000000e+00
   1.5092200e-01   7.4926900e-01   1.0000000e+00
   1.4861800e-01   6.7324600e-01   1.0000000e+00
   2.1313400e-01   6.2938600e-01   1.0000000e+00
   1.4170500e-01   5.9576000e-01   1.0000000e+00
   1.6935500e-01   6.2646200e-01   1.0000000e+00
   7.7188900e-02   6.2353800e-01   1.0000000e+00
   5.6451600e-02   6.8494200e-01   1.0000000e+00
   8.6405500e-02   7.4049700e-01   1.0000000e+00
   7.0276500e-02   7.6535100e-01   1.0000000e+00
   6.3364100e-02   8.2090600e-01   1.0000000e+00
   5.4147500e-02   7.6242700e-01   1.0000000e+00
   5.1843300e-02   6.9517500e-01   1.0000000e+00
   8.1797200e-02   6.4839200e-01   1.0000000e+00
   1.5322600e-01   5.9429800e-01   1.0000000e+00
   2.0852500e-01   5.8260200e-01   1.0000000e+00
   1.8087600e-01   6.9371300e-01   1.0000000e+00
   1.1866400e-01   5.7236800e-01   1.0000000e+00
   1.6474700e-01   5.4605300e-01   1.0000000e+00
   1.7165900e-01   5.2997100e-01   1.0000000e+00
   1.5553000e-01   4.9195900e-01   1.0000000e+00
   1.3248800e-01   5.4868400e-01   1.0000000e+00
   1.2557600e-01   5.8757300e-01   1.0000000e+00
   1.7857100e-01   5.7529200e-01   1.0000000e+00
   2.2235000e-01   5.4254400e-01   1.0000000e+00
   2.2926300e-01   5.6710500e-01   1.0000000e+00
   2.0161300e-01   6.2236800e-01   1.0000000e+00
   1.7396300e-01   6.2032200e-01   1.0000000e+00
   1.4170500e-01   5.3640400e-01   1.0000000e+00
   1.3709700e-01   5.0979500e-01   1.0000000e+00
   7.7188900e-02   5.7733900e-01   1.0000000e+00
   7.4884800e-02   5.9576000e-01   1.0000000e+00
   1.3248800e-01   5.6915200e-01   1.0000000e+00
   1.9239600e-01   5.4049700e-01   1.0000000e+00
   7.4884800e-02   5.4868400e-01   1.0000000e+00
   1.1635900e-01   5.4459100e-01   1.0000000e+00
   1.2557600e-01   6.7967800e-01   1.0000000e+00
   9.1013800e-02   7.6973700e-01   1.0000000e+00
   1.5092200e-01   8.6184200e-01   1.0000000e+00
   2.0391700e-01   9.2733900e-01   1.0000000e+00
   2.6612900e-01   9.3348000e-01   1.0000000e+00
   3.2142900e-01   9.3962000e-01   1.0000000e+00
   5.0576000e-01   8.5175400e-01   1.0000000e+00
   4.8271900e-01   8.1842100e-01   1.0000000e+00
   5.0806500e-01   8.1315800e-01   1.0000000e+00
   4.8502300e-01   7.9561400e-01   1.0000000e+00
   4.7811100e-01   7.7280700e-01   1.0000000e+00
   4.7811100e-01   7.4649100e-01   1.0000000e+00
   4.5967700e-01   7.4649100e-01   1.0000000e+00
   4.5967700e-01   7.6228100e-01   1.0000000e+00
   4.7811100e-01   7.8684200e-01   1.0000000e+00
   4.5967700e-01   8.0614000e-01   1.0000000e+00
   4.6198200e-01   8.3245600e-01   1.0000000e+00
   4.7350200e-01   8.7456100e-01   1.0000000e+00
   4.7580600e-01   9.1140400e-01   1.0000000e+00
   4.4815700e-01   9.0087700e-01   1.0000000e+00
   4.9654400e-01   8.5701800e-01   1.0000000e+00
   5.1497700e-01   8.1842100e-01   1.0000000e+00
   4.7811100e-01   7.7280700e-01   1.0000000e+00
   4.7580600e-01   7.3070200e-01   1.0000000e+00
   4.3663600e-01   7.5350900e-01   1.0000000e+00
   4.6889400e-01   7.6403500e-01   1.0000000e+00
   5.5414700e-01   4.9912300e-01   1.0000000e+00
   5.1497700e-01   5.1666700e-01   1.0000000e+00
   5.1036900e-01   5.0438600e-01   1.0000000e+00
   5.1728100e-01   4.9561400e-01   1.0000000e+00
   5.5414700e-01   4.9035100e-01   1.0000000e+00
   5.5414700e-01   4.7631600e-01   1.0000000e+00
   5.4032300e-01   4.7280700e-01   1.0000000e+00
   5.2880200e-01   4.8684200e-01   1.0000000e+00
   5.0345600e-01   4.8508800e-01   1.0000000e+00
   4.9193500e-01   4.6578900e-01   1.0000000e+00
   5.1728100e-01   4.6228100e-01   1.0000000e+00
   5.2649800e-01   4.5877200e-01   1.0000000e+00
   5.4032300e-01   4.3947400e-01   1.0000000e+00
   5.1728100e-01   4.3596500e-01   1.0000000e+00
   4.9654400e-01   4.2193000e-01   1.0000000e+00
   4.8963100e-01   4.1842100e-01   1.0000000e+00
   4.7350200e-01   4.1666700e-01   1.0000000e+00
   4.8732700e-01   4.4824600e-01   1.0000000e+00
   5.0806500e-01   4.5000000e-01   1.0000000e+00
   5.1497700e-01   4.8859600e-01   1.0000000e+00
   4.5046100e-01   4.5526300e-01   1.0000000e+00
   4.7580600e-01   4.3596500e-01   1.0000000e+00
   4.7350200e-01   4.2017500e-01   1.0000000e+00
   4.5737300e-01   4.1140400e-01   1.0000000e+00
   4.5046100e-01   4.0964900e-01   1.0000000e+00
   4.8732700e-01   4.5877200e-01   1.0000000e+00
   5.3341000e-01   5.3596500e-01   1.0000000e+00
   5.3801800e-01   5.7280700e-01   1.0000000e+00
   5.2880200e-01   5.3596500e-01   1.0000000e+00
   5.1267300e-01   4.9912300e-01   1.0000000e+00
   1.8548400e-01   5.1140400e-01   1.0000000e+00
   2.0852500e-01   5.2719300e-01   1.0000000e+00
   1.9009200e-01   5.2017500e-01   1.0000000e+00
   1.8778800e-01   4.9736800e-01   1.0000000e+00
   1.9009200e-01   4.7982500e-01   1.0000000e+00
   1.9700500e-01   4.5000000e-01   1.0000000e+00
   1.9470000e-01   4.2719300e-01   1.0000000e+00
   1.7626700e-01   4.0789500e-01   1.0000000e+00
   1.4631300e-01   4.0263200e-01   1.0000000e+00
   1.3248800e-01   4.4122800e-01   1.0000000e+00
   1.5783400e-01   4.6403500e-01   1.0000000e+00
   1.6474700e-01   4.6403500e-01   1.0000000e+00
   1.1866400e-01   4.8859600e-01   1.0000000e+00
   1.2788000e-01   5.0964900e-01   1.0000000e+00
   1.6013800e-01   4.6754400e-01   1.0000000e+00
   1.7396300e-01   4.3245600e-01   1.0000000e+00
   1.5783400e-01   4.2543900e-01   1.0000000e+00
   1.8318000e-01   4.2017500e-01   1.0000000e+00
   2.0622100e-01   4.7982500e-01   1.0000000e+00
   2.1543800e-01   5.1666700e-01   1.0000000e+00
   2.2695900e-01   5.3245600e-01   1.0000000e+00
   1.1635900e-01   5.2543900e-01   1.0000000e+00
   1.1635900e-01   4.8508800e-01   1.0000000e+00
   1.3709700e-01   4.5526300e-01   1.0000000e+00
   1.0023000e-01   4.4473700e-01   1.0000000e+00
   2.1313400e-01   4.8333300e-01   1.0000000e+00
   2.6152100e-01   5.3596500e-01   1.0000000e+00
   2.5230400e-01   5.5350900e-01   1.0000000e+00
   7.1082900e-01   9.8157900e-01   1.0000000e+00
   6.6244200e-01   9.6929800e-01   1.0000000e+00
   6.9470000e-01   9.8684200e-01   1.0000000e+00
   7.1543800e-01   9.5877200e-01   1.0000000e+00
   3.7212000e-01   9.8859600e-01   1.0000000e+00
   3.7442400e-01   9.6754400e-01   1.0000000e+00
   4.1589900e-01   9.7105300e-01   1.0000000e+00
   9.6198200e-01   5.7982500e-01   1.0000000e+00
   9.2741900e-01   5.9210500e-01   1.0000000e+00
   9.2741900e-01   5.7280700e-01   1.0000000e+00
   9.4815700e-01   5.6929800e-01   1.0000000e+00
   9.6198200e-01   5.5000000e-01   1.0000000e+00
   9.5737300e-01   5.5701800e-01   1.0000000e+00
   9.1589900e-01   5.5701800e-01   1.0000000e+00
   9.1589900e-01   5.5701800e-01   1.0000000e+00
   9.2281100e-01   5.2894700e-01   1.0000000e+00
   9.2511500e-01   5.1491200e-01   1.0000000e+00
   9.3663600e-01   4.9912300e-01   1.0000000e+00
   9.6889400e-01   4.9035100e-01   1.0000000e+00
   9.9884800e-01   5.1491200e-01   1.0000000e+00
   9.5967700e-01   5.4298200e-01   1.0000000e+00
   9.5506900e-01   5.2894700e-01   1.0000000e+00
   9.4124400e-01   5.0087700e-01   1.0000000e+00
   9.1820300e-01   4.8684200e-01   1.0000000e+00
   9.1129000e-01   4.8157900e-01   1.0000000e+00
   9.1359400e-01   4.6578900e-01   1.0000000e+00
   9.0668200e-01   4.4298200e-01   1.0000000e+00
   8.7903200e-01   4.2193000e-01   1.0000000e+00
   8.7442400e-01   4.0789500e-01   1.0000000e+00
   9.2741900e-01   4.0789500e-01   1.0000000e+00
   9.4815700e-01   4.1140400e-01   1.0000000e+00
   9.6198200e-01   4.1315800e-01   1.0000000e+00
   9.6659000e-01   4.2543900e-01   1.0000000e+00
   9.6659000e-01   4.3421100e-01   1.0000000e+00
   9.4815700e-01   4.3421100e-01   1.0000000e+00
   9.3433200e-01   4.3596500e-01   1.0000000e+00
   9.4815700e-01   4.6929800e-01   1.0000000e+00
   9.6428600e-01   4.7456100e-01   1.0000000e+00
   9.8963100e-01   4.5350900e-01   1.0000000e+00
   9.8732700e-01   4.3596500e-01   1.0000000e+00
   9.6659000e-01   5.1666700e-01   1.0000000e+00
   9.5967700e-01   5.5701800e-01   1.0000000e+00
   9.0437800e-01   5.6052600e-01   1.0000000e+00
   9.1589900e-01   5.2543900e-01   1.0000000e+00
   9.2281100e-01   4.9386000e-01   1.0000000e+00
   9.1129000e-01   4.5350900e-01   1.0000000e+00
   8.9055300e-01   4.4473700e-01   1.0000000e+00
   8.7442400e-01   5.0789500e-01   1.0000000e+00
   8.9746500e-01   5.2719300e-01   1.0000000e+00
   9.1359400e-01   5.3771900e-01   1.0000000e+00
   9.6889400e-01   5.6578900e-01   1.0000000e+00
   9.8502300e-01   5.7982500e-01   1.0000000e+00
   9.9424000e-01   5.1666700e-01   1.0000000e+00
   9.6428600e-01   4.7280700e-01   1.0000000e+00
   9.7580600e-01   4.3947400e-01   1.0000000e+00
   9.8963100e-01   4.2543900e-01   1.0000000e+00
   9.9654400e-01   4.1491200e-01   1.0000000e+00
   









































   
   7.7304100e-01   5.8260200e-01  -1.0000000e+00
   7.4769600e-01   5.5336300e-01  -1.0000000e+00
   7.6152100e-01   5.4312900e-01  -1.0000000e+00
   8.0760400e-01   5.3728100e-01  -1.0000000e+00
   8.1221200e-01   5.4605300e-01  -1.0000000e+00
   8.3064500e-01   5.7675400e-01  -1.0000000e+00
   8.2373300e-01   5.8552600e-01  -1.0000000e+00
   7.9377900e-01   6.2500000e-01  -1.0000000e+00
   7.7765000e-01   6.4108200e-01  -1.0000000e+00
   7.5691200e-01   6.5277800e-01  -1.0000000e+00
   7.4078300e-01   6.7178400e-01  -1.0000000e+00
   7.2235000e-01   6.8640400e-01  -1.0000000e+00
   6.5783400e-01   6.8640400e-01  -1.0000000e+00
   6.4400900e-01   6.8640400e-01  -1.0000000e+00
   5.9331800e-01   6.7470800e-01  -1.0000000e+00
   3.5368700e-01   7.1418100e-01  -1.0000000e+00
   3.0990800e-01   7.7412300e-01  -1.0000000e+00
   2.7073700e-01   7.4488300e-01  -1.0000000e+00
   3.0069100e-01   6.9809900e-01  -1.0000000e+00
   3.9285700e-01   6.7324600e-01  -1.0000000e+00
   4.0437800e-01   6.5424000e-01  -1.0000000e+00
   4.2050700e-01   6.3815800e-01  -1.0000000e+00
   4.4585300e-01   6.1622800e-01  -1.0000000e+00
   4.6428600e-01   6.0453200e-01  -1.0000000e+00
   3.7442400e-01   5.6359600e-01  -1.0000000e+00
   4.2511500e-01   5.2850900e-01  -1.0000000e+00
   3.6981600e-01   5.0950300e-01  -1.0000000e+00
   4.8041500e-01   6.4254400e-01  -1.0000000e+00
   4.2972400e-01   6.6886000e-01  -1.0000000e+00
   5.5414700e-01   6.7909400e-01  -1.0000000e+00
   6.2096800e-01   7.0540900e-01  -1.0000000e+00
   6.1635900e-01   7.3903500e-01  -1.0000000e+00
   6.6244200e-01   7.2295300e-01  -1.0000000e+00
   6.8318000e-01   7.0540900e-01  -1.0000000e+00
   6.9239600e-01   6.5131600e-01  -1.0000000e+00
   7.2004600e-01   6.4108200e-01  -1.0000000e+00
   7.2695900e-01   6.6739800e-01  -1.0000000e+00
   6.8087600e-01   6.9517500e-01  -1.0000000e+00
   6.5553000e-01   7.1125700e-01  -1.0000000e+00
   6.2096800e-01   7.2295300e-01  -1.0000000e+00
   5.9101400e-01   7.1856700e-01  -1.0000000e+00
   5.6797200e-01   6.8786500e-01  -1.0000000e+00
   5.6797200e-01   6.6155000e-01  -1.0000000e+00
   5.6566800e-01   6.4839200e-01  -1.0000000e+00
   3.8824900e-01   6.4546800e-01  -1.0000000e+00
   3.6981600e-01   6.9371300e-01  -1.0000000e+00
   3.1221200e-01   7.0687100e-01  -1.0000000e+00
   3.1221200e-01   7.2880100e-01  -1.0000000e+00
   2.7304100e-01   7.1271900e-01  -1.0000000e+00
   3.0530000e-01   7.4049700e-01  -1.0000000e+00
   3.1221200e-01   7.5365500e-01  -1.0000000e+00
   2.5460800e-01   7.5657900e-01  -1.0000000e+00
   2.8917100e-01   7.4195900e-01  -1.0000000e+00
   2.7304100e-01   7.1710500e-01  -1.0000000e+00
   2.9608300e-01   6.8786500e-01  -1.0000000e+00
   3.4447000e-01   6.6593600e-01  -1.0000000e+00
   3.6751200e-01   6.5131600e-01  -1.0000000e+00
   3.9285700e-01   6.5277800e-01  -1.0000000e+00
   3.8824900e-01   6.0891800e-01  -1.0000000e+00
   4.0668200e-01   5.9137400e-01  -1.0000000e+00
   3.9055300e-01   5.6359600e-01  -1.0000000e+00
   4.0207400e-01   5.4166700e-01  -1.0000000e+00
   3.5829500e-01   5.4312900e-01  -1.0000000e+00
   3.3986200e-01   6.1184200e-01  -1.0000000e+00
   3.5138200e-01   6.8932700e-01  -1.0000000e+00
   3.0530000e-01   7.3318700e-01  -1.0000000e+00
   2.4078300e-01   7.4926900e-01  -1.0000000e+00
   2.8225800e-01   7.6535100e-01  -1.0000000e+00
   4.8732700e-01   6.6739800e-01  -1.0000000e+00
   5.1958500e-01   6.7763200e-01  -1.0000000e+00
   5.8640600e-01   6.8640400e-01  -1.0000000e+00
   6.3479300e-01   7.1271900e-01  -1.0000000e+00
   6.4861800e-01   7.2880100e-01  -1.0000000e+00
   6.6474700e-01   7.3026300e-01  -1.0000000e+00
   6.9930900e-01   7.0102300e-01  -1.0000000e+00
   7.5230400e-01   6.3377200e-01  -1.0000000e+00
   7.8456200e-01   5.5190100e-01  -1.0000000e+00
   8.0299500e-01   5.3874300e-01  -1.0000000e+00
   8.3064500e-01   5.3289500e-01  -1.0000000e+00
   6.0944700e-01   8.1652000e-01  -1.0000000e+00
   6.1175100e-01   7.8581900e-01  -1.0000000e+00
   5.7488500e-01   7.5657900e-01  -1.0000000e+00
   5.4493100e-01   7.2733900e-01  -1.0000000e+00
   5.5875600e-01   7.1856700e-01  -1.0000000e+00
   5.8871000e-01   7.2295300e-01  -1.0000000e+00
   5.9562200e-01   7.3318700e-01  -1.0000000e+00
   6.0253500e-01   7.5219300e-01  -1.0000000e+00
   5.7027600e-01   7.6535100e-01  -1.0000000e+00
   5.6336400e-01   7.7704700e-01  -1.0000000e+00
   5.7718900e-01   7.9605300e-01  -1.0000000e+00
   6.0023000e-01   8.1359600e-01  -1.0000000e+00
   6.1866400e-01   8.2529200e-01  -1.0000000e+00
   6.4631300e-01   7.9605300e-01  -1.0000000e+00
   6.3709700e-01   7.6535100e-01  -1.0000000e+00
   6.4861800e-01   7.3903500e-01  -1.0000000e+00
   6.5092200e-01   7.4342100e-01  -1.0000000e+00
   6.6013800e-01   7.4195900e-01  -1.0000000e+00
   6.6013800e-01   7.4049700e-01  -1.0000000e+00
   6.6935500e-01   7.5219300e-01  -1.0000000e+00
   6.3479300e-01   7.8289500e-01  -1.0000000e+00
   6.0253500e-01   7.7558500e-01  -1.0000000e+00
   6.0483900e-01   7.7119900e-01  -1.0000000e+00
   6.1635900e-01   7.5511700e-01  -1.0000000e+00
   6.5783400e-01   7.4780700e-01  -1.0000000e+00
   6.8087600e-01   7.4049700e-01  -1.0000000e+00
   6.9700500e-01   7.0540900e-01  -1.0000000e+00
   7.0852500e-01   6.7470800e-01  -1.0000000e+00
   7.3617500e-01   6.4400600e-01  -1.0000000e+00
   7.2926300e-01   6.9225100e-01  -1.0000000e+00
   8.0530000e-01   6.9225100e-01  -1.0000000e+00
   8.2834100e-01   6.9225100e-01  -1.0000000e+00
   8.5599100e-01   6.8932700e-01  -1.0000000e+00
   9.2741900e-01   6.7470800e-01  -1.0000000e+00
   9.7580600e-01   6.4839200e-01  -1.0000000e+00
   9.8041500e-01   6.3669600e-01  -1.0000000e+00
   8.9977000e-01   6.2938600e-01  -1.0000000e+00
   8.7212000e-01   6.2061400e-01  -1.0000000e+00
   8.4907800e-01   6.4400600e-01  -1.0000000e+00
   8.1451600e-01   6.5424000e-01  -1.0000000e+00
   7.8456200e-01   6.7324600e-01  -1.0000000e+00
   7.7534600e-01   6.8494200e-01  -1.0000000e+00
   7.7534600e-01   6.8640400e-01  -1.0000000e+00
   7.4539200e-01   6.9225100e-01  -1.0000000e+00
   8.0990800e-01   6.7178400e-01  -1.0000000e+00
   8.5829500e-01   6.7909400e-01  -1.0000000e+00
   8.6290300e-01   6.6155000e-01  -1.0000000e+00
   9.2281100e-01   6.5716400e-01  -1.0000000e+00
   9.4124400e-01   6.3815800e-01  -1.0000000e+00
   9.8963100e-01   6.3815800e-01  -1.0000000e+00
   9.8732700e-01   6.4693000e-01  -1.0000000e+00
   9.1820300e-01   6.7909400e-01  -1.0000000e+00
   8.4216600e-01   6.7324600e-01  -1.0000000e+00
   8.0990800e-01   6.5862600e-01  -1.0000000e+00
   7.2695900e-01   7.0248500e-01  -1.0000000e+00
   6.9009200e-01   7.0394700e-01  -1.0000000e+00
   6.9009200e-01   7.2587700e-01  -1.0000000e+00
   5.7949300e-01   7.3757300e-01  -1.0000000e+00
   4.7350200e-01   6.8932700e-01  -1.0000000e+00
   4.3433200e-01   6.7470800e-01  -1.0000000e+00
   2.5000000e-01   6.8786500e-01  -1.0000000e+00
   2.2465400e-01   7.2295300e-01  -1.0000000e+00
   3.8364100e-01   4.8508800e-01  -1.0000000e+00
   3.5368700e-01   4.7105300e-01  -1.0000000e+00
   3.6981600e-01   4.5175400e-01  -1.0000000e+00
   3.5599100e-01   4.3596500e-01  -1.0000000e+00
   3.4447000e-01   4.2193000e-01  -1.0000000e+00
   3.4907800e-01   4.1140400e-01  -1.0000000e+00
   3.8133600e-01   4.2894700e-01  -1.0000000e+00
   3.8133600e-01   4.5526300e-01  -1.0000000e+00
   3.7903200e-01   4.9210500e-01  -1.0000000e+00
   3.8594500e-01   5.1491200e-01  -1.0000000e+00
   4.1589900e-01   5.3596500e-01  -1.0000000e+00
   4.1359400e-01   5.1666700e-01  -1.0000000e+00
   4.0437800e-01   5.0087700e-01  -1.0000000e+00
   4.1129000e-01   4.7456100e-01  -1.0000000e+00
   4.0437800e-01   4.5000000e-01  -1.0000000e+00
   3.9516100e-01   4.3421100e-01  -1.0000000e+00
   3.9746500e-01   4.2368400e-01  -1.0000000e+00
   4.0898600e-01   4.1666700e-01  -1.0000000e+00
   7.8917100e-01   5.2368400e-01  -1.0000000e+00
   8.0760400e-01   4.8859600e-01  -1.0000000e+00
   8.0530000e-01   4.7807000e-01  -1.0000000e+00
   7.8456200e-01   4.4122800e-01  -1.0000000e+00
   7.8225800e-01   4.2543900e-01  -1.0000000e+00
   8.3064500e-01   4.2193000e-01  -1.0000000e+00
   8.3986200e-01   4.4122800e-01  -1.0000000e+00
   8.2373300e-01   4.6578900e-01  -1.0000000e+00
   8.3986200e-01   4.9912300e-01  -1.0000000e+00
   8.3986200e-01   5.2193000e-01  -1.0000000e+00
   8.3294900e-01   5.5350900e-01  -1.0000000e+00
   8.4216600e-01   5.7456100e-01  -1.0000000e+00
   8.6059900e-01   5.8684200e-01  -1.0000000e+00
   8.1221200e-01   5.1140400e-01  -1.0000000e+00
   7.9838700e-01   5.0263200e-01  -1.0000000e+00
   8.0299500e-01   4.7631600e-01  -1.0000000e+00
   7.7534600e-01   4.2894700e-01  -1.0000000e+00
   7.3617500e-01   4.1666700e-01  -1.0000000e+00
   7.8225800e-01   4.6929800e-01  -1.0000000e+00
   7.8225800e-01   4.6052600e-01  -1.0000000e+00
   7.5921700e-01   4.5000000e-01  -1.0000000e+00
   7.4539200e-01   4.5175400e-01  -1.0000000e+00
   7.4078300e-01   4.4649100e-01  -1.0000000e+00
   7.3387100e-01   4.3947400e-01  -1.0000000e+00
   6.9930900e-01   4.4824600e-01  -1.0000000e+00
   6.9700500e-01   4.6578900e-01  -1.0000000e+00
   6.9239600e-01   4.6578900e-01  -1.0000000e+00
   6.7626700e-01   4.6403500e-01  -1.0000000e+00
   6.5783400e-01   4.5877200e-01  -1.0000000e+00
   6.5783400e-01   4.5877200e-01  -1.0000000e+00
   6.4400900e-01   4.5526300e-01  -1.0000000e+00
   6.4861800e-01   4.3771900e-01  -1.0000000e+00
   6.1866400e-01   4.2368400e-01  -1.0000000e+00
   5.5875600e-01   4.1491200e-01  -1.0000000e+00
   5.5414700e-01   4.1666700e-01  -1.0000000e+00
   5.9101400e-01   4.4122800e-01  -1.0000000e+00
   6.0944700e-01   4.4824600e-01  -1.0000000e+00
   6.2096800e-01   4.7105300e-01  -1.0000000e+00
   6.2788000e-01   4.7807000e-01  -1.0000000e+00
   6.4400900e-01   4.7807000e-01  -1.0000000e+00
   6.6244200e-01   4.7456100e-01  -1.0000000e+00
   6.8087600e-01   4.7456100e-01  -1.0000000e+00
   6.3248800e-01   4.7456100e-01  -1.0000000e+00
   5.8871000e-01   4.5175400e-01  -1.0000000e+00
   5.8179700e-01   4.3245600e-01  -1.0000000e+00
   5.7027600e-01   4.1140400e-01  -1.0000000e+00
   5.5875600e-01   4.0614000e-01  -1.0000000e+00
   2.2695900e-01   7.9210500e-01  -1.0000000e+00
   2.4769600e-01   8.3421100e-01  -1.0000000e+00
   2.7304100e-01   8.5877200e-01  -1.0000000e+00
   2.9147500e-01   8.6228100e-01  -1.0000000e+00
   2.2235000e-01   8.1315800e-01  -1.0000000e+00
   2.2465400e-01   7.9736800e-01  -1.0000000e+00
   2.0391700e-01   7.7456100e-01  -1.0000000e+00
   1.8548400e-01   7.5526300e-01  -1.0000000e+00
   2.0622100e-01   7.2894700e-01  -1.0000000e+00
   2.4539200e-01   7.2368400e-01  -1.0000000e+00
   2.2235000e-01   7.0614000e-01  -1.0000000e+00
   2.2695900e-01   6.9561400e-01  -1.0000000e+00
   2.5921700e-01   6.8157900e-01  -1.0000000e+00
   2.2465400e-01   6.6052600e-01  -1.0000000e+00
   2.0391700e-01   6.4824600e-01  -1.0000000e+00
   1.9930900e-01   6.5526300e-01  -1.0000000e+00
   2.3387100e-01   6.9736800e-01  -1.0000000e+00
   2.5691200e-01   7.2719300e-01  -1.0000000e+00
   2.5460800e-01   6.6578900e-01  -1.0000000e+00
   2.6612900e-01   6.4122800e-01  -1.0000000e+00
   2.4308800e-01   6.3596500e-01  -1.0000000e+00
   2.3387100e-01   6.1842100e-01  -1.0000000e+00
   2.4078300e-01   6.1315800e-01  -1.0000000e+00
   2.7304100e-01   6.2543900e-01  -1.0000000e+00
   2.8917100e-01   6.2543900e-01  -1.0000000e+00
   3.0299500e-01   6.1491200e-01  -1.0000000e+00
   3.1912400e-01   6.0087700e-01  -1.0000000e+00
   3.3755800e-01   5.8508800e-01  -1.0000000e+00
   3.6290300e-01   5.4824600e-01  -1.0000000e+00
   3.7442400e-01   5.2894700e-01  -1.0000000e+00
   6.0483900e-01   8.4473700e-01  -1.0000000e+00
   5.7027600e-01   8.1666700e-01  -1.0000000e+00
   5.6336400e-01   8.0438600e-01  -1.0000000e+00
   6.2327200e-01   8.1491200e-01  -1.0000000e+00
   6.6474700e-01   8.0438600e-01  -1.0000000e+00
   6.6474700e-01   7.8333300e-01  -1.0000000e+00
   6.8778800e-01   7.4824600e-01  -1.0000000e+00
   7.1774200e-01   7.1666700e-01  -1.0000000e+00
   7.3847900e-01   7.0263200e-01  -1.0000000e+00
   7.4078300e-01   7.3596500e-01  -1.0000000e+00
   7.1082900e-01   7.3771900e-01  -1.0000000e+00
   6.8548400e-01   7.6578900e-01  -1.0000000e+00
   6.8318000e-01   7.7631600e-01  -1.0000000e+00
   6.8778800e-01   8.0263200e-01  -1.0000000e+00
   6.8778800e-01   8.2017500e-01  -1.0000000e+00
   6.6935500e-01   8.3771900e-01  -1.0000000e+00
   6.5553000e-01   8.4473700e-01  -1.0000000e+00
   6.3940100e-01   8.1842100e-01  -1.0000000e+00
   6.3940100e-01   8.3947400e-01  -1.0000000e+00
   5.8410100e-01   8.3947400e-01  -1.0000000e+00
   5.6336400e-01   7.9736800e-01  -1.0000000e+00
   5.4723500e-01   7.7280700e-01  -1.0000000e+00
   5.6797200e-01   8.4298200e-01  -1.0000000e+00
   5.8179700e-01   8.6929800e-01  -1.0000000e+00
   5.9562200e-01   8.7105300e-01  -1.0000000e+00
   6.2557600e-01   8.6929800e-01  -1.0000000e+00
   6.4861800e-01   8.5701800e-01  -1.0000000e+00
   6.3709700e-01   8.3947400e-01  -1.0000000e+00
   6.4170500e-01   8.0438600e-01  -1.0000000e+00
   6.6705100e-01   8.5701800e-01  -1.0000000e+00
   7.0622100e-01   8.2193000e-01  -1.0000000e+00
